> 2024 05 30 16 05 53.8350001  0 5                      
G31  19942237.77623      2849.76923        22.84423
G10  22273922.78423       179.18823        20.26123
G26  21782760.50922      5495.92222        17.41322
G28  20931793.62122       846.09022        13.70022
G32  22733684.49822      1446.88522        16.76822
> 2024 05 30 16 05 54.8350001  0 4                      
G31  19941696.65123      2834.45223        22.93523
G10  22273879.61423       163.38023        20.26423
G26  21781707.63822      5480.60422        17.38022
G32  22733403.59222      1432.33622        13.60022
> 2024 05 30 16 05 55.8350001  0 4                      
G31  19941158.52324      2814.69924        25.44424
G10  22273851.43423       142.50723        20.26723
G26  21780666.75822      5461.91922        17.34822
G32  22733143.97223      1417.74623        19.88923
> 2024 05 30 16 05 56.8350001  0 5                      
G31  19940624.89324      2788.98124        25.52024
G10  22273827.75023       109.32623        20.26923
G26  21779626.77821      5429.17521        11.50021
G28  20931327.44422       781.63122        15.82822
G32  22732885.55123      1386.40723        19.99423
> 2024 05 30 16 05 57.8340002  0 5                      
G31  19940126.03824      2755.57324        23.66224
G10  22273834.04622        83.68822        15.82822
G26  21778625.77121      5399.30421        11.50021
G28  20931210.52422       757.02322        15.82822
G32  22732642.11923      1358.50223        20.11223
> 2024 05 30 16 05 58.8340002  0 5                      
G31  19939602.60024      2731.22924        24.40124
G10  22273813.36023        60.42623        18.02023
G26  21777600.18121      5374.82621        11.50021
G28  20931068.42322       731.19122        15.82822
G32  22732380.40124      1334.96524        23.66224
> 2024 05 30 16 05 59.8329998  0 4                      
G31  19938964.64224      2713.27324        24.43124
G10  22273688.04723        39.45123        19.05723
G28  20930811.80121       709.08321        12.00021
G32  22732004.46124      1315.11424        23.62824
> 2024 05 30 16 06 00.8329998  0 4                      
G31  19938452.29724      2679.77124        24.22324
G10  22273682.65023        10.44223        18.93123
G28  20930680.19221       682.27421        12.00021
G32  22731758.03124      1288.45424        23.58124
> 2024 05 30 16 06 01.8319998  0 5                      
G31  19937945.04824      2650.05624        24.66124
G10  22273683.25023       -17.15923        19.66323
G26  21774437.97022      5301.79822        17.12422
G28  20930552.18022       652.60322        13.40022
G32  22731516.39924      1256.59824        23.53624
> 2024 05 30 16 06 02.8309999  0 5                      
G31  19937473.77424      2616.04624        24.66524
G10  22273712.63023       -53.46523        19.74323
G26  21773462.74522      5265.77322        17.12422
G28  20930461.64322       616.19922        13.40022
G32  22731311.34123      1221.99723        23.42323
> 2024 05 30 16 06 03.8289999  0 5                      
G31  19937008.49624      2589.50524        24.25324
G10  22273759.39723       -80.84723        19.79623
G26  21772493.81622      5236.49722        17.12422
G28  20930377.40122       589.90422        13.40022
G32  22731111.37924      1199.36624        25.18424
> 2024 05 30 16 06 04.8280001  0 6                      
G31  19936548.61523      2566.78923        23.03923
G10  22273807.66423      -103.68223        19.84723
G26  21771531.18322      5211.20322        13.50022
G02  22981335.55222      2260.37122        16.00422
G28  20930292.56022       565.06322        14.40022
G32  22730915.61524      1172.02124        24.96724
> 2024 05 30 16 06 05.8280001  0 6                      
G31  19936062.95123      2532.23423        23.12023
G10  22273830.44823      -134.13023        19.89523
G26  21770542.76723      5183.96423        18.34823
G02  22980909.24822      2224.34822        16.00422
G28  20930187.93222       533.45322        14.40022
G32  22730694.66824      1143.39724        25.41624
> 2024 05 30 16 06 06.8280001  0 6                      
G31  19935582.68324      2519.50724        25.84124
G10  22273842.74023      -148.38023        19.88623
G26  21769557.34923      5172.55023        18.34823
G02  22980487.44022      2212.21722        16.00422
G28  20930087.80222       521.42922        14.40022
G32  22730478.81724      1132.25724        24.04824
> 2024 05 30 16 06 07.8269996  0 5                      
G31  19934956.41724      2494.74024        25.83724
G10  22273725.52123      -172.43323        19.88623
G26  21768427.43123      5147.16323        18.05423
G02  22979937.62022      2182.69322        15.91322
G32  22730115.46924      1105.71124        24.54924
> 2024 05 30 16 06 08.8249998  0 5                      
G31  19934544.20224      2482.32224        25.81224
G10  22273821.15423      -186.73823        19.88123
G26  21767506.16923      5136.67423        20.32423
G02  22979584.16522      2158.83722        15.82722
G32  22729965.27224      1093.12024        24.61324
> 2024 05 30 16 06 09.8249998  0 5                      
G31  19934074.72724      2460.76424        25.77524
G10  22273861.02723      -210.38023        19.90323
G26  21766526.44723      5113.34923        20.35323
G02  22979178.84621      2120.05021        11.00021
G32  22729759.31524      1069.67124        24.66024
> 2024 05 30 16 06 10.8229999  0 5                      
G31  19933639.12924      2436.83324        25.73824
G10  22273934.77623      -231.10323        19.95323
G26  21765583.00023      5094.93623        20.36123
G02  22978808.60221      2092.32121        11.00021
G32  22729587.23424      1048.10924        24.71524
> 2024 05 30 16 06 11.8220000  0 7                      
G31  19933207.72724      2413.22424        25.71124
G10  22274018.71823      -251.73523        20.01923
G16  24748313.19922      5837.28822        13.30022
G26  21764638.95423      5077.64023        20.41523
G02  22978441.65621      2079.49621        11.00021
G25  23960639.39523       259.28323        20.77123
G32  22729419.35024      1028.18324        25.93724
> 2024 05 30 16 06 12.8220000  0 6                      
G31  19932750.84424      2394.96024        25.73624
G10  22274070.88223      -267.41523        23.03923
G16  24747203.36822      5820.66922        13.30022
G26  21763674.22223      5049.04023        20.45523
G25  23960597.12423       231.07523        19.89923
G32  22729224.48524      1012.91324        25.20924
> 2024 05 30 16 06 13.8200001  0 6                      
G31  19932327.53724      2379.15024        25.71824
G10  22274153.32523      -287.59123        18.48423
G16  24746122.61622      5798.80722        13.25022
G26  21762748.76323      5030.49623        20.52623
G25  23960586.03123       218.70123        18.69223
G32  22729063.19724       991.76324        24.40724
> 2024 05 30 16 06 15.0000001  0 6                      
G31  19931796.60424      2359.43124        25.70124
G10  22274220.47823      -309.22723        18.48423
G16  24744821.81622      5789.10922        13.20222
G26  21761621.54323      5024.53723        20.63323
G25  23960537.76523       210.17623        18.69223
G32  22728842.55024       983.55324        24.80524
> 2024 05 30 16 06 16.0000001  0 7                      
G31  19931348.41524      2349.54024        25.66524
G10  22274279.83723      -317.34123        18.48423
G16  24743721.57822      5782.83022        13.20622
G26  21760669.10223      5009.72223        20.73123
C32  24437748.59922      4445.68722        16.30022
G25  23960499.39123       188.17123        18.69223
G32  22728657.57824       961.82024        24.23124
> 2024 05 30 16 06 17.0000001  0 9                      
G31  19930902.62324      2331.85724        25.59924
G10  22274348.19023      -335.16023        18.50423
G16  24742622.53922      5766.69622        13.21022
G26  21759717.26123      4993.42623        20.82523
C32  24436900.18622      4429.09622        16.20022
G25  23960472.11023       171.49723        18.73823
G32  22728475.60423       948.79223        21.45323
C39  37062005.10823      1596.95123        19.00023
C41  22354923.10923      2735.57723        21.20023
> 2024 05 30 16 06 18.0000001  0 10                      
G31  19930461.02924      2313.67824        25.62424
G10  22274404.25123      -349.66623        18.52023
G16  24741525.89822      5750.57222        13.21422
G26  21758771.11623      4969.94623        20.77823
C25  22206008.40022       979.09322        15.20022
C32  24436051.47422      4410.75522        16.50022
G25  23960450.52523       155.68923        19.49923
G32  22728297.52723       932.88523        21.36723
C39  37061703.21723      1577.99923        19.70023
C41  22354398.77223      2725.70223        20.20023
> 2024 05 30 16 06 19.0000001  0 11                      
G31  19930019.73424      2315.20824        26.95224
G10  22274466.60823      -349.85923        18.58023
G16  24740415.16722      5755.72222        13.24822
G26  21757824.07223      4968.56723        20.67323
C25  22205819.83122       979.21622        15.20022
C32  24435203.96022      4413.27822        16.50022
G25  23960412.15223       157.15323        19.73323
G32  22728118.85123       933.46123        23.14523
C23  22305458.55222      4003.51422        16.70022
C39  37061402.52523      1578.44823        19.50023
C41  22353866.64023      2713.83023        22.10023
> 2024 05 30 16 06 20.0000001  0 11                      
G31  19929576.94124      2332.91924        25.96124
G10  22274532.86223      -331.39323        18.63723
G16  24739318.82622      5775.22822        13.28022
G26  21756877.92723      4985.23423        20.70723
C25  22205630.96222       985.98922        14.90022
C32  24434354.34822      4433.09122        15.60022
G25  23960374.67823       176.73223        20.37523
G32  22727938.67524       951.20624        24.23124
C23  22304687.18623      4033.46323        19.20023
C39  37061098.53523      1599.44723        19.50023
C41  22353342.30323      2750.19123        23.00023
> 2024 05 30 16 06 21.0000001  0 11                      
G31  19929132.34924      2335.89624        27.58624
G10  22274599.71523      -325.57923        18.61523
G16  24738220.38622      5763.07322        13.31122
G26  21755926.98523      4996.87923        20.80023
C25  22205439.39422      1000.04822        14.90022
C32  24433503.53722      4443.00422        15.67522
G25  23960340.50123       184.16523        20.37523
G32  22727757.00124       949.92224        24.25124
C23  22303919.11823      4025.37723        20.90023
C39  37060789.74923      1611.72323        17.90023
C41  22352815.56823      2741.24123        17.60023
> 2024 05 30 16 06 22.0000001  0 10                      
G31  19928686.85724      2344.34224        27.46724
G10  22274665.67023      -322.06223        18.61823
G26  21754973.94523      5003.38123        20.88823
C25  22205247.22722      1005.44922        14.90022
C32  24432648.52922      4450.87822        15.75122
G25  23960305.12623       186.10323        20.37523
G32  22727574.42824       957.74224        24.21524
C23  22303145.05423      4036.53223        20.20023
C39  37060477.66523      1604.43623        17.86523
C41  22352290.63123      2737.19723        17.60023
> 2024 05 30 16 06 23.0000001  0 10                      
G31  19928241.66524      2338.96624        28.02524
G10  22274726.82723      -319.94223        18.58623
G26  21754022.70324      4997.98224        24.04824
C25  22205053.56122       998.03622        14.88522
C32  24431794.12122      4445.22622        15.82322
G25  23960270.05023       182.83423        18.34823
G32  22727391.85424       962.78524        24.15424
C23  22302370.09023      4028.71223        20.22023
C39  37060170.07823      1598.94723        17.83123
C41  22351762.39723      2751.80923        17.60023
